X =

 Columns 1 through 10:

  1.0000e+000  5.1267e-002  6.9956e-001  2.6283e-003  3.5864e-002  4.8938e-001  1.3475e-004  1.8387e-003  2.5089e-002  3.4235e-001
  1.0000e+000  -9.2742e-002  6.8494e-001  8.6011e-003  -6.3523e-002  4.6914e-001  -7.9768e-004  5.8912e-003  -4.3509e-002  3.2133e-001
  1.0000e+000  -2.1371e-001  6.9225e-001  4.5672e-002  -1.4794e-001  4.7921e-001  -9.7606e-003  3.1616e-002  -1.0241e-001  3.3173e-001
  1.0000e+000  -3.7500e-001  5.0219e-001  1.4062e-001  -1.8832e-001  2.5219e-001  -5.2734e-002  7.0620e-002  -9.4573e-002  1.2665e-001
  1.0000e+000  -5.1325e-001  4.6564e-001  2.6343e-001  -2.3899e-001  2.1682e-001  -1.3520e-001  1.2266e-001  -1.1128e-001  1.0096e-001
  1.0000e+000  -5.2477e-001  2.0980e-001  2.7538e-001  -1.1010e-001  4.4016e-002  -1.4451e-001  5.7775e-002  -2.3098e-002  9.2346e-003
  1.0000e+000  -3.9804e-001  3.4357e-002  1.5844e-001  -1.3675e-002  1.1804e-003  -6.3064e-002  5.4434e-003  -4.6985e-004  4.0555e-005
  1.0000e+000  -3.0588e-001  -1.9225e-001  9.3563e-002  5.8805e-002  3.6960e-002  -2.8619e-002  -1.7987e-002  -1.1305e-002  -7.1056e-003
  1.0000e+000  1.6705e-002  -4.0424e-001  2.7906e-004  -6.7528e-003  1.6341e-001  4.6616e-006  -1.1281e-004  2.7298e-003  -6.6057e-002
  1.0000e+000  1.3191e-001  -5.1389e-001  1.7400e-002  -6.7787e-002  2.6408e-001  2.2953e-003  -8.9418e-003  3.4835e-002  -1.3571e-001
  1.0000e+000  3.8537e-001  -5.6506e-001  1.4851e-001  -2.1776e-001  3.1929e-001  5.7231e-002  -8.3917e-002  1.2305e-001  -1.8042e-001
  1.0000e+000  5.2938e-001  -5.2120e-001  2.8024e-001  -2.7591e-001  2.7165e-001  1.4836e-001  -1.4606e-001  1.4381e-001  -1.4158e-001
  1.0000e+000  6.3882e-001  -2.4342e-001  4.0809e-001  -1.5550e-001  5.9253e-002  2.6070e-001  -9.9338e-002  3.7852e-002  -1.4423e-002
  1.0000e+000  7.3675e-001  -1.8494e-001  5.4280e-001  -1.3625e-001  3.4203e-002  3.9991e-001  -1.0039e-001  2.5199e-002  -6.3255e-003
  1.0000e+000  5.4666e-001  4.8757e-001  2.9884e-001  2.6654e-001  2.3772e-001  1.6336e-001  1.4570e-001  1.2995e-001  1.1591e-001
  1.0000e+000  3.2200e-001  5.8260e-001  1.0368e-001  1.8760e-001  3.3942e-001  3.3386e-002  6.0406e-002  1.0929e-001  1.9775e-001
  1.0000e+000  1.6647e-001  5.3874e-001  2.7712e-002  8.9684e-002  2.9024e-001  4.6133e-003  1.4930e-002  4.8316e-002  1.5636e-001
  1.0000e+000  -4.6659e-002  8.1652e-001  2.1771e-003  -3.8098e-002  6.6670e-001  -1.0158e-004  1.7776e-003  -3.1108e-002  5.4438e-001
  1.0000e+000  -1.7339e-001  6.9956e-001  3.0064e-002  -1.2130e-001  4.8938e-001  -5.2128e-003  2.1032e-002  -8.4854e-002  3.4235e-001
  1.0000e+000  -4.7869e-001  6.3377e-001  2.2914e-001  -3.0338e-001  4.0166e-001  -1.0969e-001  1.4522e-001  -1.9227e-001  2.5456e-001
  1.0000e+000  -6.0541e-001  5.9722e-001  3.6652e-001  -3.6156e-001  3.5667e-001  -2.2190e-001  2.1889e-001  -2.1593e-001  2.1301e-001
  1.0000e+000  -6.2846e-001  3.3406e-001  3.9496e-001  -2.0994e-001  1.1160e-001  -2.4822e-001  1.3194e-001  -7.0134e-002  3.7280e-002
  1.0000e+000  -5.9389e-001  5.1170e-003  3.5271e-001  -3.0389e-003  2.6184e-005  -2.0947e-001  1.8048e-003  -1.5550e-005  1.3398e-007
  1.0000e+000  -4.2108e-001  -2.7266e-001  1.7731e-001  1.1481e-001  7.4343e-002  -7.4661e-002  -4.8345e-002  -3.1305e-002  -2.0270e-002
  1.0000e+000  -1.1578e-001  -3.9693e-001  1.3405e-002  4.5957e-002  1.5755e-001  -1.5520e-003  -5.3208e-003  -1.8242e-002  -6.2538e-002
  1.0000e+000  2.0104e-001  -6.0161e-001  4.0417e-002  -1.2095e-001  3.6193e-001  8.1255e-003  -2.4315e-002  7.2763e-002  -2.1774e-001
  1.0000e+000  4.6601e-001  -5.3582e-001  2.1717e-001  -2.4970e-001  2.8710e-001  1.0120e-001  -1.1636e-001  1.3379e-001  -1.5384e-001
  1.0000e+000  6.7339e-001  -5.3582e-001  4.5345e-001  -3.6082e-001  2.8710e-001  3.0535e-001  -2.4297e-001  1.9333e-001  -1.5384e-001
  1.0000e+000  -1.3882e-001  5.4605e-001  1.9271e-002  -7.5803e-002  2.9817e-001  -2.6752e-003  1.0523e-002  -4.1392e-002  1.6282e-001
  1.0000e+000  -2.9435e-001  7.7997e-001  8.6642e-002  -2.2958e-001  6.0835e-001  -2.5503e-002  6.7578e-002  -1.7907e-001  4.7450e-001
  1.0000e+000  -2.6555e-001  9.6272e-001  7.0517e-002  -2.5565e-001  9.2683e-001  -1.8726e-002  6.7888e-002  -2.4612e-001  8.9228e-001
  1.0000e+000  -1.6187e-001  8.0190e-001  2.6202e-002  -1.2980e-001  6.4304e-001  -4.2413e-003  2.1011e-002  -1.0409e-001  5.1566e-001
  1.0000e+000  -1.7339e-001  6.4839e-001  3.0064e-002  -1.1242e-001  4.2041e-001  -5.2128e-003  1.9493e-002  -7.2895e-002  2.7259e-001
  1.0000e+000  -2.8283e-001  4.7295e-001  7.9993e-002  -1.3376e-001  2.2368e-001  -2.2624e-002  3.7833e-002  -6.3264e-002  1.0579e-001
  1.0000e+000  -3.6348e-001  3.1213e-001  1.3212e-001  -1.1345e-001  9.7425e-002  -4.8022e-002  4.1238e-002  -3.5412e-002  3.0409e-002
  1.0000e+000  -3.0012e-001  2.7047e-002  9.0072e-002  -8.1173e-003  7.3154e-004  -2.7032e-002  2.4362e-003  -2.1955e-004  1.9786e-005
  1.0000e+000  -2.3675e-001  -2.1418e-001  5.6051e-002  5.0707e-002  4.5873e-002  -1.3270e-002  -1.2005e-002  -1.0860e-002  -9.8251e-003
  1.0000e+000  -6.3940e-002  -1.8494e-001  4.0883e-003  1.1825e-002  3.4203e-002  -2.6141e-004  -7.5609e-004  -2.1869e-003  -6.3255e-003
  1.0000e+000  6.2788e-002  -1.6301e-001  3.9423e-003  -1.0235e-002  2.6572e-002  2.4753e-004  -6.4264e-004  1.6684e-003  -4.3315e-003
  1.0000e+000  2.2984e-001  -4.1155e-001  5.2826e-002  -9.4591e-002  1.6937e-001  1.2142e-002  -2.1741e-002  3.8929e-002  -6.9706e-002
  1.0000e+000  2.9320e-001  -2.2880e-001  8.5966e-002  -6.7084e-002  5.2349e-002  2.5205e-002  -1.9669e-002  1.5349e-002  -1.1978e-002
  1.0000e+000  4.8329e-001  -1.8494e-001  2.3357e-001  -8.9380e-002  3.4203e-002  1.1288e-001  -4.3196e-002  1.6530e-002  -6.3255e-003
  1.0000e+000  6.4459e-001  -1.4108e-001  4.1550e-001  -9.0939e-002  1.9904e-002  2.6782e-001  -5.8618e-002  1.2830e-002  -2.8080e-003
  1.0000e+000  4.6025e-001  1.2427e-002  2.1183e-001  5.7195e-003  1.5443e-004  9.7495e-002  2.6324e-003  7.1077e-005  1.9191e-006
  1.0000e+000  6.2730e-001  1.5863e-001  3.9351e-001  9.9509e-002  2.5163e-002  2.4685e-001  6.2422e-002  1.5785e-002  3.9917e-003
  1.0000e+000  5.7546e-001  2.6827e-001  3.3115e-001  1.5438e-001  7.1969e-002  1.9057e-001  8.8839e-002  4.1415e-002  1.9307e-002
  1.0000e+000  7.2523e-001  4.4371e-001  5.2596e-001  3.2179e-001  1.9688e-001  3.8144e-001  2.3337e-001  1.4278e-001  8.7357e-002
  1.0000e+000  2.2408e-001  5.2412e-001  5.0212e-002  1.1744e-001  2.7470e-001  1.1251e-002  2.6317e-002  6.1555e-002  1.4398e-001
  1.0000e+000  4.4297e-001  6.7032e-001  1.9622e-001  2.9693e-001  4.4933e-001  8.6921e-002  1.3153e-001  1.9904e-001  3.0119e-001
  1.0000e+000  3.2200e-001  6.9225e-001  1.0368e-001  2.2290e-001  4.7921e-001  3.3386e-002  7.1775e-002  1.5431e-001  3.3173e-001
  1.0000e+000  1.3767e-001  5.7529e-001  1.8953e-002  7.9200e-002  3.3096e-001  2.6093e-003  1.0903e-002  4.5563e-002  1.9040e-001
  1.0000e+000  -6.3364e-003  3.9985e-001  4.0150e-005  -2.5336e-003  1.5988e-001  -2.5441e-007  1.6054e-005  -1.0131e-003  6.3928e-002
  1.0000e+000  -9.2742e-002  5.5336e-001  8.6011e-003  -5.1320e-002  3.0621e-001  -7.9768e-004  4.7595e-003  -2.8398e-002  1.6944e-001
  1.0000e+000  -2.0795e-001  3.5599e-001  4.3243e-002  -7.4028e-002  1.2673e-001  -8.9924e-003  1.5394e-002  -2.6353e-002  4.5114e-002
  1.0000e+000  -2.0795e-001  1.7325e-001  4.3243e-002  -3.6027e-002  3.0016e-002  -8.9924e-003  7.4919e-003  -6.2417e-003  5.2002e-003
  1.0000e+000  -4.3836e-001  2.1711e-001  1.9216e-001  -9.5172e-002  4.7137e-002  -8.4235e-002  4.1720e-002  -2.0663e-002  1.0234e-002
  1.0000e+000  -2.1947e-001  -1.6813e-002  4.8167e-002  3.6899e-003  2.8268e-004  -1.0571e-002  -8.0983e-004  -6.2039e-005  -4.7526e-006
  1.0000e+000  -1.3882e-001  -2.7266e-001  1.9271e-002  3.7851e-002  7.4343e-002  -2.6752e-003  -5.2544e-003  -1.0320e-002  -2.0270e-002
  1.0000e+000  1.8376e-001  9.3348e-001  3.3768e-002  1.7154e-001  8.7138e-001  6.2052e-003  3.1522e-002  1.6013e-001  8.1342e-001
  1.0000e+000  2.2408e-001  7.7997e-001  5.0212e-002  1.7478e-001  6.0835e-001  1.1251e-002  3.9164e-002  1.3632e-001  4.7450e-001
  1.0000e+000  2.9896e-001  6.1915e-001  8.9377e-002  1.8510e-001  3.8335e-001  2.6720e-002  5.5338e-002  1.1461e-001  2.3735e-001
  1.0000e+000  5.0634e-001  7.5804e-001  2.5638e-001  3.8383e-001  5.7462e-001  1.2982e-001  1.9435e-001  2.9096e-001  4.3559e-001
  1.0000e+000  6.1578e-001  7.2880e-001  3.7919e-001  4.4878e-001  5.3115e-001  2.3349e-001  2.7635e-001  3.2707e-001  3.8710e-001
  1.0000e+000  6.0426e-001  5.9722e-001  3.6513e-001  3.6088e-001  3.5667e-001  2.2063e-001  2.1806e-001  2.1552e-001  2.1301e-001
  1.0000e+000  7.6555e-001  5.0219e-001  5.8607e-001  3.8445e-001  2.5219e-001  4.4866e-001  2.9432e-001  1.9307e-001  1.2665e-001
  1.0000e+000  9.2684e-001  3.6330e-001  8.5903e-001  3.3672e-001  1.3199e-001  7.9619e-001  3.1209e-001  1.2233e-001  4.7951e-002
  1.0000e+000  8.2316e-001  2.7558e-001  6.7759e-001  2.2685e-001  7.5944e-002  5.5777e-001  1.8673e-001  6.2514e-002  2.0929e-002
  1.0000e+000  9.6141e-001  8.5526e-002  9.2431e-001  8.2226e-002  7.3147e-003  8.8864e-001  7.9052e-002  7.0324e-003  6.2560e-004
  1.0000e+000  9.3836e-001  1.2427e-002  8.8052e-001  1.1661e-002  1.5443e-004  8.2624e-001  1.0942e-002  1.4491e-004  1.9191e-006
  1.0000e+000  8.6348e-001  -8.2602e-002  7.4560e-001  -7.1325e-002  6.8231e-003  6.4381e-001  -6.1588e-002  5.8916e-003  -5.6360e-004
  1.0000e+000  8.9804e-001  -2.0687e-001  8.0648e-001  -1.8578e-001  4.2795e-002  7.2425e-001  -1.6684e-001  3.8432e-002  -8.8530e-003
  1.0000e+000  8.5196e-001  -3.6769e-001  7.2584e-001  -3.1326e-001  1.3520e-001  6.1838e-001  -2.6688e-001  1.1518e-001  -4.9710e-002
  1.0000e+000  8.2892e-001  -5.2120e-001  6.8711e-001  -4.3203e-001  2.7165e-001  5.6956e-001  -3.5812e-001  2.2518e-001  -1.4158e-001
  1.0000e+000  7.9435e-001  -5.5775e-001  6.3099e-001  -4.4305e-001  3.1109e-001  5.0123e-001  -3.5194e-001  2.4711e-001  -1.7351e-001
  1.0000e+000  5.9274e-001  -7.4050e-001  3.5134e-001  -4.3892e-001  5.4834e-001  2.0825e-001  -2.6017e-001  3.2502e-001  -4.0605e-001
  1.0000e+000  5.1786e-001  -5.9430e-001  2.6818e-001  -3.0776e-001  3.5319e-001  1.3888e-001  -1.5938e-001  1.8290e-001  -2.0990e-001
  1.0000e+000  4.6601e-001  -4.1886e-001  2.1717e-001  -1.9519e-001  1.7544e-001  1.0120e-001  -9.0962e-002  8.1759e-002  -7.3486e-002
  1.0000e+000  3.5081e-001  -5.7968e-001  1.2307e-001  -2.0336e-001  3.3603e-001  4.3173e-002  -7.1340e-002  1.1788e-001  -1.9479e-001
  1.0000e+000  2.8744e-001  -7.6974e-001  8.2622e-002  -2.2125e-001  5.9250e-001  2.3749e-002  -6.3597e-002  1.7031e-001  -4.5607e-001
  1.0000e+000  8.5829e-002  -7.5512e-001  7.3666e-003  -6.4811e-002  5.7021e-001  6.3227e-004  -5.5627e-003  4.8940e-002  -4.3057e-001
  1.0000e+000  1.4919e-001  -5.7968e-001  2.2258e-002  -8.6482e-002  3.3603e-001  3.3206e-003  -1.2902e-002  5.0132e-002  -1.9479e-001
  1.0000e+000  -1.3306e-001  -4.4810e-001  1.7705e-002  5.9624e-002  2.0079e-001  -2.3558e-003  -7.9336e-003  -2.6718e-002  -8.9976e-002
  1.0000e+000  -4.0956e-001  -4.1155e-001  1.6774e-001  1.6855e-001  1.6937e-001  -6.8699e-002  -6.9033e-002  -6.9369e-002  -6.9706e-002
  1.0000e+000  -3.9228e-001  -2.5804e-001  1.5388e-001  1.0122e-001  6.6585e-002  -6.0365e-002  -3.9708e-002  -2.6120e-002  -1.7182e-002
  1.0000e+000  -7.4366e-001  -2.5804e-001  5.5303e-001  1.9189e-001  6.6585e-002  -4.1127e-001  -1.4270e-001  -4.9516e-002  -1.7182e-002
  1.0000e+000  -6.9758e-001  4.1667e-002  4.8662e-001  -2.9066e-002  1.7361e-003  -3.3945e-001  2.0276e-002  -1.2111e-003  7.2340e-005
  1.0000e+000  -7.5518e-001  2.9020e-001  5.7030e-001  -2.1915e-001  8.4216e-002  -4.3068e-001  1.6550e-001  -6.3598e-002  2.4439e-002
  1.0000e+000  -6.9758e-001  6.8494e-001  4.8662e-001  -4.7780e-001  4.6914e-001  -3.3945e-001  3.3330e-001  -3.2726e-001  3.2133e-001
  1.0000e+000  -4.0380e-001  7.0687e-001  1.6305e-001  -2.8543e-001  4.9967e-001  -6.5841e-002  1.1526e-001  -2.0176e-001  3.5320e-001
  1.0000e+000  -3.8076e-001  9.1886e-001  1.4498e-001  -3.4987e-001  8.4430e-001  -5.5202e-002  1.3321e-001  -3.2148e-001  7.7580e-001
  1.0000e+000  -5.0749e-001  9.0424e-001  2.5755e-001  -4.5889e-001  8.1765e-001  -1.3070e-001  2.3288e-001  -4.1495e-001  7.3935e-001
  1.0000e+000  -5.4781e-001  7.0687e-001  3.0010e-001  -3.8723e-001  4.9967e-001  -1.6440e-001  2.1213e-001  -2.7372e-001  3.5320e-001
  1.0000e+000  1.0311e-001  7.7997e-001  1.0632e-002  8.0423e-002  6.0835e-001  1.0962e-003  8.2924e-003  6.2727e-002  4.7450e-001
  1.0000e+000  5.7028e-002  9.1886e-001  3.2522e-003  5.2401e-002  8.4430e-001  1.8547e-004  2.9883e-003  4.8149e-002  7.7580e-001
  1.0000e+000  -1.0426e-001  9.9196e-001  1.0870e-002  -1.0342e-001  9.8398e-001  -1.1333e-003  1.0783e-002  -1.0259e-001  9.7607e-001
  1.0000e+000  -8.1221e-002  1.1089e+000  6.5969e-003  -9.0066e-002  1.2297e+000  -5.3580e-004  7.3152e-003  -9.9874e-002  1.3636e+000
  1.0000e+000  2.8744e-001  1.0870e+000  8.2622e-002  3.1245e-001  1.1816e+000  2.3749e-002  8.9810e-002  3.3963e-001  1.2844e+000
  1.0000e+000  3.9689e-001  8.2383e-001  1.5752e-001  3.2697e-001  6.7870e-001  6.2519e-002  1.2977e-001  2.6937e-001  5.5913e-001
  1.0000e+000  6.3882e-001  8.8962e-001  4.0809e-001  5.6831e-001  7.9142e-001  2.6070e-001  3.6305e-001  5.0558e-001  7.0407e-001
  1.0000e+000  8.2316e-001  6.6301e-001  6.7759e-001  5.4576e-001  4.3958e-001  5.5777e-001  4.4925e-001  3.6185e-001  2.9145e-001
  1.0000e+000  6.7339e-001  6.4108e-001  4.5345e-001  4.3170e-001  4.1098e-001  3.0535e-001  2.9070e-001  2.7675e-001  2.6347e-001
  1.0000e+000  1.0709e+000  1.0015e-001  1.1468e+000  1.0725e-001  1.0030e-002  1.2281e+000  1.1485e-001  1.0741e-002  1.0045e-003
  1.0000e+000  -4.6659e-002  -5.7968e-001  2.1771e-003  2.7047e-002  3.3603e-001  -1.0158e-004  -1.2620e-003  -1.5679e-002  -1.9479e-001
  1.0000e+000  -2.3675e-001  -6.3816e-001  5.6051e-002  1.5108e-001  4.0725e-001  -1.3270e-002  -3.5769e-002  -9.6416e-002  -2.5989e-001
  1.0000e+000  -1.5035e-001  -3.6769e-001  2.2605e-002  5.5282e-002  1.3520e-001  -3.3987e-003  -8.3117e-003  -2.0327e-002  -4.9710e-002
  1.0000e+000  -4.9021e-001  -3.0190e-001  2.4031e-001  1.4799e-001  9.1144e-002  -1.1780e-001  -7.2548e-002  -4.4680e-002  -2.7516e-002
  1.0000e+000  -4.6717e-001  -1.3377e-001  2.1825e-001  6.2493e-002  1.7894e-002  -1.0196e-001  -2.9195e-002  -8.3597e-003  -2.3937e-003
  1.0000e+000  -2.8859e-001  -6.0673e-002  8.3284e-002  1.7510e-002  3.6812e-003  -2.4035e-002  -5.0531e-003  -1.0624e-003  -2.2335e-004
  1.0000e+000  -6.1118e-001  -6.7982e-002  3.7354e-001  4.1549e-002  4.6216e-003  -2.2830e-001  -2.5394e-002  -2.8246e-003  -3.1418e-004
  1.0000e+000  -6.6302e-001  -2.1418e-001  4.3960e-001  1.4201e-001  4.5873e-002  -2.9146e-001  -9.4153e-002  -3.0415e-002  -9.8251e-003
  1.0000e+000  -5.9965e-001  -4.1886e-001  3.5958e-001  2.5117e-001  1.7544e-001  -2.1562e-001  -1.5061e-001  -1.0520e-001  -7.3486e-002
  1.0000e+000  -7.2638e-001  -8.2602e-002  5.2763e-001  6.0000e-002  6.8231e-003  -3.8326e-001  -4.3583e-002  -4.9562e-003  -5.6360e-004
  1.0000e+000  -8.3007e-001  3.1213e-001  6.8902e-001  -2.5909e-001  9.7425e-002  -5.7193e-001  2.1506e-001  -8.0870e-002  3.0409e-002
  1.0000e+000  -7.2062e-001  5.3874e-001  5.1929e-001  -3.8823e-001  2.9024e-001  -3.7421e-001  2.7976e-001  -2.0915e-001  1.5636e-001
  1.0000e+000  -5.9389e-001  4.9488e-001  3.5271e-001  -2.9390e-001  2.4491e-001  -2.0947e-001  1.7455e-001  -1.4545e-001  1.2120e-001
  1.0000e+000  -4.8445e-001  9.9927e-001  2.3469e-001  -4.8410e-001  9.9854e-001  -1.1370e-001  2.3452e-001  -4.8374e-001  9.9781e-001
  1.0000e+000  -6.3364e-003  9.9927e-001  4.0150e-005  -6.3318e-003  9.9854e-001  -2.5441e-007  4.0121e-005  -6.3272e-003  9.9781e-001
  1.0000e+000  6.3265e-001  -3.0612e-002  4.0025e-001  -1.9367e-002  9.3709e-004  2.5322e-001  -1.2252e-002  5.9285e-004  -2.8686e-005

 Columns 11 through 20:

  6.9080e-006  9.4262e-005  1.2863e-003  1.7551e-002  2.3950e-001  3.5415e-007  4.8326e-006  6.5942e-005  8.9981e-004  1.2278e-002
  7.3979e-005  -5.4636e-004  4.0351e-003  -2.9801e-002  2.2009e-001  -6.8609e-006  5.0671e-005  -3.7423e-004  2.7638e-003  -2.0412e-002
  2.0859e-003  -6.7567e-003  2.1886e-002  -7.0895e-002  2.2964e-001  -4.4578e-004  1.4440e-003  -4.6774e-003  1.5151e-002  -4.9077e-002
  1.9775e-002  -2.6483e-002  3.5465e-002  -4.7494e-002  6.3602e-002  -7.4158e-003  9.9310e-003  -1.3299e-002  1.7810e-002  -2.3851e-002
  6.9393e-002  -6.2956e-002  5.7116e-002  -5.1818e-002  4.7011e-002  -3.5616e-002  3.2312e-002  -2.9315e-002  2.6596e-002  -2.4128e-002
  7.5836e-002  -3.0319e-002  1.2121e-002  -4.8460e-003  1.9374e-003  -3.9797e-002  1.5910e-002  -6.3609e-003  2.5430e-003  -1.0167e-003
  2.5102e-002  -2.1667e-003  1.8702e-004  -1.6143e-005  1.3934e-006  -9.9916e-003  8.6243e-004  -7.4441e-005  6.4254e-006  -5.5461e-007
  8.7540e-003  5.5020e-003  3.4581e-003  2.1735e-003  1.3660e-003  -2.6777e-003  -1.6829e-003  -1.0578e-003  -6.6482e-004  -4.1785e-004
  7.7873e-008  -1.8844e-006  4.5601e-005  -1.1035e-003  2.6703e-002  1.3009e-009  -3.1479e-008  7.6176e-007  -1.8434e-005  4.4607e-004
  3.0277e-004  -1.1795e-003  4.5951e-003  -1.7901e-002  6.9740e-002  3.9938e-005  -1.5559e-004  6.0614e-004  -2.3614e-003  9.1994e-003
  2.2055e-002  -3.2339e-002  4.7418e-002  -6.9528e-002  1.0195e-001  8.4994e-003  -1.2463e-002  1.8274e-002  -2.6794e-002  3.9288e-002
  7.8536e-002  -7.7323e-002  7.6128e-002  -7.4952e-002  7.3793e-002  4.1576e-002  -4.0933e-002  4.0301e-002  -3.9678e-002  3.9065e-002
  1.6654e-001  -6.3459e-002  2.4181e-002  -9.2140e-003  3.5110e-003  1.0639e-001  -4.0539e-002  1.5447e-002  -5.8861e-003  2.2429e-003
  2.9463e-001  -7.3959e-002  1.8565e-002  -4.6603e-003  1.1698e-003  2.1707e-001  -5.4489e-002  1.3678e-002  -3.4335e-003  8.6187e-004
  8.9304e-002  7.9651e-002  7.1041e-002  6.3362e-002  5.6513e-002  4.8819e-002  4.3542e-002  3.8835e-002  3.4637e-002  3.0893e-002
  1.0750e-002  1.9451e-002  3.5193e-002  6.3675e-002  1.1521e-001  3.4616e-003  6.2632e-003  1.1332e-002  2.0503e-002  3.7097e-002
  7.6797e-004  2.4853e-003  8.0432e-003  2.6030e-002  8.4240e-002  1.2784e-004  4.1374e-004  1.3390e-003  4.3332e-003  1.4023e-002
  4.7396e-006  -8.2942e-005  1.4515e-003  -2.5400e-002  4.4450e-001  -2.2115e-007  3.8700e-006  -6.7724e-005  1.1851e-003  -2.0740e-002
  9.0385e-004  -3.6467e-003  1.4713e-002  -5.9361e-002  2.3950e-001  -1.5672e-004  6.3230e-004  -2.5511e-003  1.0293e-002  -4.1526e-002
  5.2507e-002  -6.9518e-002  9.2039e-002  -1.2186e-001  1.6133e-001  -2.5135e-002  3.3277e-002  -4.4058e-002  5.8332e-002  -7.7229e-002
  1.3434e-001  -1.3252e-001  1.3073e-001  -1.2896e-001  1.2721e-001  -8.1329e-002  8.0229e-002  -7.9144e-002  7.8073e-002  -7.7017e-002
  1.5599e-001  -8.2920e-002  4.4076e-002  -2.3429e-002  1.2454e-002  -9.8037e-002  5.2112e-002  -2.7700e-002  1.4724e-002  -7.8266e-003
  1.2440e-001  -1.0718e-003  9.2351e-006  -7.9571e-008  6.8559e-010  -7.3881e-002  6.3656e-004  -5.4846e-006  4.7256e-008  -4.0716e-010
  3.1438e-002  2.0357e-002  1.3182e-002  8.5355e-003  5.5270e-003  -1.3238e-002  -8.5720e-003  -5.5506e-003  -3.5941e-003  -2.3273e-003
  1.7969e-004  6.1605e-004  2.1120e-003  7.2406e-003  2.4823e-002  -2.0805e-005  -7.1326e-005  -2.4453e-004  -8.3832e-004  -2.8740e-003
  1.6335e-003  -4.8884e-003  1.4628e-002  -4.3775e-002  1.3100e-001  3.2841e-004  -9.8275e-004  2.9409e-003  -8.8006e-003  2.6336e-002
  4.7161e-002  -5.4226e-002  6.2349e-002  -7.1689e-002  8.2428e-002  2.1977e-002  -2.5270e-002  2.9055e-002  -3.3408e-002  3.8412e-002
  2.0562e-001  -1.6361e-001  1.3019e-001  -1.0359e-001  8.2428e-002  1.3846e-001  -1.1018e-001  8.7667e-002  -6.9757e-002  5.5506e-002
  3.7137e-004  -1.4608e-003  5.7460e-003  -2.2602e-002  8.8906e-002  -5.1554e-005  2.0279e-004  -7.9767e-004  3.1376e-003  -1.2342e-002
  7.5068e-003  -1.9892e-002  5.2709e-002  -1.3967e-001  3.7009e-001  -2.2096e-003  5.8551e-003  -1.5515e-002  4.1111e-002  -1.0894e-001
  4.9726e-003  -1.8028e-002  6.5357e-002  -2.3694e-001  8.5901e-001  -1.3205e-003  4.7872e-003  -1.7356e-002  6.2921e-002  -2.2811e-001
  6.8654e-004  -3.4011e-003  1.6849e-002  -8.3469e-002  4.1351e-001  -1.1113e-004  5.5054e-004  -2.7273e-003  1.3511e-002  -6.6934e-002
  9.0385e-004  -3.3799e-003  1.2639e-002  -4.7264e-002  1.7674e-001  -1.5672e-004  5.8605e-004  -2.1915e-003  8.1952e-003  -3.0646e-002
  6.3988e-003  -1.0700e-002  1.7893e-002  -2.9921e-002  5.0034e-002  -1.8098e-003  3.0263e-003  -5.0607e-003  8.4625e-003  -1.4151e-002
  1.7455e-002  -1.4989e-002  1.2872e-002  -1.1053e-002  9.4917e-003  -6.3446e-003  5.4483e-003  -4.6786e-003  4.0176e-003  -3.4500e-003
  8.1130e-003  -7.3115e-004  6.5891e-005  -5.9382e-006  5.3515e-007  -2.4349e-003  2.1943e-004  -1.9775e-005  1.7822e-006  -1.6061e-007
  3.1417e-003  2.8422e-003  2.5712e-003  2.3261e-003  2.1043e-003  -7.4379e-004  -6.7288e-004  -6.0873e-004  -5.5070e-004  -4.9820e-004
  1.6714e-005  4.8345e-005  1.3983e-004  4.0445e-004  1.1698e-003  -1.0687e-006  -3.0912e-006  -8.9409e-006  -2.5861e-005  -7.4799e-005
  1.5542e-005  -4.0350e-005  1.0476e-004  -2.7197e-004  7.0609e-004  9.7585e-007  -2.5335e-006  6.5775e-006  -1.7076e-005  4.4334e-005
  2.7906e-003  -4.9969e-003  8.9474e-003  -1.6021e-002  2.8687e-002  6.4140e-004  -1.1485e-003  2.0565e-003  -3.6823e-003  6.5935e-003
  7.3902e-003  -5.7670e-003  4.5003e-003  -3.5118e-003  2.7405e-003  2.1668e-003  -1.6909e-003  1.3195e-003  -1.0297e-003  8.0350e-004
  5.4555e-002  -2.0876e-002  7.9887e-003  -3.0570e-003  1.1698e-003  2.6366e-002  -1.0089e-002  3.8609e-003  -1.4774e-003  5.6537e-004
  1.7264e-001  -3.7785e-002  8.2699e-003  -1.8100e-003  3.9615e-004  1.1128e-001  -2.4356e-002  5.3307e-003  -1.1667e-003  2.5536e-004
  4.4872e-002  1.2116e-003  3.2713e-005  8.8327e-007  2.3849e-008  2.0652e-002  5.5762e-004  1.5056e-005  4.0652e-007  1.0976e-008
  1.5485e-001  3.9157e-002  9.9020e-003  2.5040e-003  6.3320e-004  9.7135e-002  2.4563e-002  6.2115e-003  1.5707e-003  3.9721e-004
  1.0966e-001  5.1123e-002  2.3833e-002  1.1110e-002  5.1795e-003  6.3107e-002  2.9419e-002  1.3715e-002  6.3936e-003  2.9806e-003
  2.7663e-001  1.6925e-001  1.0355e-001  6.3354e-002  3.8761e-002  2.0062e-001  1.2274e-001  7.5098e-002  4.5946e-002  2.8111e-002
  2.5212e-003  5.8971e-003  1.3793e-002  3.2262e-002  7.5461e-002  5.6496e-004  1.3214e-003  3.0908e-003  7.2293e-003  1.6909e-002
  3.8503e-002  5.8265e-002  8.8168e-002  1.3342e-001  2.0190e-001  1.7056e-002  2.5809e-002  3.9056e-002  5.9101e-002  8.9434e-002
  1.0750e-002  2.3112e-002  4.9686e-002  1.0682e-001  2.2964e-001  3.4616e-003  7.4419e-003  1.5999e-002  3.4395e-002  7.3945e-002
  3.5922e-004  1.5011e-003  6.2727e-003  2.6212e-002  1.0953e-001  4.9453e-005  2.0665e-004  8.6356e-004  3.6086e-003  1.5079e-002
  1.6120e-009  -1.0172e-007  6.4192e-006  -4.0507e-004  2.5562e-002  -1.0214e-011  6.4457e-010  -4.0674e-008  2.5667e-006  -1.6197e-004
  7.3979e-005  -4.4140e-004  2.6337e-003  -1.5714e-002  9.3763e-002  -6.8609e-006  4.0937e-005  -2.4426e-004  1.4574e-003  -8.6958e-003
  1.8700e-003  -3.2012e-003  5.4802e-003  -9.3815e-003  1.6060e-002  -3.8886e-004  6.6569e-004  -1.1396e-003  1.9509e-003  -3.3397e-003
  1.8700e-003  -1.5579e-003  1.2980e-003  -1.0814e-003  9.0093e-004  -3.8886e-004  3.2397e-004  -2.6991e-004  2.2487e-004  -1.8735e-004
  3.6925e-002  -1.8288e-002  9.0578e-003  -4.4861e-003  2.2219e-003  -1.6187e-002  8.0168e-003  -3.9706e-003  1.9665e-003  -9.7398e-004
  2.3201e-003  1.7773e-004  1.3616e-005  1.0431e-006  7.9906e-008  -5.0919e-004  -3.9007e-005  -2.9882e-006  -2.2892e-007  -1.7537e-008
  3.7137e-004  7.2942e-004  1.4327e-003  2.8139e-003  5.5270e-003  -5.1554e-005  -1.0126e-004  -1.9888e-004  -3.9063e-004  -7.6725e-004
  1.1403e-003  5.7924e-003  2.9425e-002  1.4947e-001  7.5931e-001  2.0953e-004  1.0644e-003  5.4071e-003  2.7467e-002  1.3953e-001
  2.5212e-003  8.7758e-003  3.0547e-002  1.0633e-001  3.7009e-001  5.6496e-004  1.9665e-003  6.8449e-003  2.3825e-002  8.2931e-002
  7.9883e-003  1.6544e-002  3.4262e-002  7.0958e-002  1.4695e-001  2.3882e-003  4.9459e-003  1.0243e-002  2.1214e-002  4.3934e-002
  6.5731e-002  9.8405e-002  1.4732e-001  2.2056e-001  3.3019e-001  3.3282e-002  4.9827e-002  7.4595e-002  1.1168e-001  1.6719e-001
  1.4378e-001  1.7017e-001  2.0140e-001  2.3837e-001  2.8212e-001  8.8538e-002  1.0479e-001  1.2402e-001  1.4678e-001  1.7372e-001
  1.3332e-001  1.3177e-001  1.3023e-001  1.2871e-001  1.2721e-001  8.0560e-002  7.9621e-002  7.8694e-002  7.7777e-002  7.6871e-002
  3.4347e-001  2.2531e-001  1.4780e-001  9.6957e-002  6.3602e-002  2.6295e-001  1.7249e-001  1.1315e-001  7.4225e-002  4.8691e-002
  7.3794e-001  2.8925e-001  1.1338e-001  4.4443e-002  1.7421e-002  6.8395e-001  2.6809e-001  1.0509e-001  4.1191e-002  1.6146e-002
  4.5913e-001  1.5371e-001  5.1459e-002  1.7228e-002  5.7675e-003  3.7794e-001  1.2653e-001  4.2359e-002  1.4181e-002  4.7476e-003
  8.5435e-001  7.6002e-002  6.7610e-003  6.0145e-004  5.3505e-005  8.2138e-001  7.3069e-002  6.5001e-003  5.7824e-004  5.1440e-005
  7.7531e-001  1.0268e-002  1.3598e-004  1.8008e-006  2.3849e-008  7.2752e-001  9.6348e-003  1.2760e-004  1.6898e-006  2.2379e-008
  5.5592e-001  -5.3180e-002  5.0873e-003  -4.8666e-004  4.6555e-005  4.8002e-001  -4.5920e-002  4.3928e-003  -4.2022e-004  4.0199e-005
  6.5040e-001  -1.4983e-001  3.4513e-002  -7.9504e-003  1.8314e-003  5.8409e-001  -1.3455e-001  3.0994e-002  -7.1398e-003  1.6447e-003
  5.2684e-001  -2.2737e-001  9.8130e-002  -4.2351e-002  1.8278e-002  4.4884e-001  -1.9371e-001  8.3603e-002  -3.6081e-002  1.5572e-002
  4.7212e-001  -2.9685e-001  1.8665e-001  -1.1736e-001  7.3793e-002  3.9135e-001  -2.4607e-001  1.5472e-001  -9.7283e-002  6.1169e-002
  3.9815e-001  -2.7956e-001  1.9629e-001  -1.3783e-001  9.6774e-002  3.1627e-001  -2.2207e-001  1.5592e-001  -1.0948e-001  7.6872e-002
  1.2344e-001  -1.5421e-001  1.9265e-001  -2.4068e-001  3.0068e-001  7.3168e-002  -9.1408e-002  1.1419e-001  -1.4266e-001  1.7822e-001
  7.1920e-002  -8.2536e-002  9.4719e-002  -1.0870e-001  1.2474e-001  3.7244e-002  -4.2742e-002  4.9051e-002  -5.6291e-002  6.4600e-002
  4.7161e-002  -4.2389e-002  3.8100e-002  -3.4245e-002  3.0780e-002  2.1977e-002  -1.9754e-002  1.7755e-002  -1.5959e-002  1.4344e-002
  1.5146e-002  -2.5027e-002  4.1354e-002  -6.8334e-002  1.1292e-001  5.3132e-003  -8.7796e-003  1.4507e-002  -2.3972e-002  3.9612e-002
  6.8264e-003  -1.8280e-002  4.8953e-002  -1.3109e-001  3.5106e-001  1.9622e-003  -5.2545e-003  1.4071e-002  -3.7681e-002  1.0091e-001
  5.4267e-005  -4.7744e-004  4.2005e-003  -3.6956e-002  3.2514e-001  4.6577e-006  -4.0978e-005  3.6052e-004  -3.1719e-003  2.7906e-002
  4.9540e-004  -1.9249e-003  7.4792e-003  -2.9061e-002  1.1292e-001  7.3909e-005  -2.8718e-004  1.1158e-003  -4.3356e-003  1.6846e-002
  3.1347e-004  1.0556e-003  3.5550e-003  1.1972e-002  4.0318e-002  -4.1710e-005  -1.4046e-004  -4.7303e-004  -1.5930e-003  -5.3647e-003
  2.8137e-002  2.8273e-002  2.8411e-002  2.8549e-002  2.8687e-002  -1.1524e-002  -1.1580e-002  -1.1636e-002  -1.1692e-002  -1.1749e-002
  2.3680e-002  1.5577e-002  1.0246e-002  6.7400e-003  4.4335e-003  -9.2893e-003  -6.1104e-003  -4.0194e-003  -2.6440e-003  -1.7392e-003
  3.0584e-001  1.0612e-001  3.6823e-002  1.2777e-002  4.4335e-003  -2.2744e-001  -7.8920e-002  -2.7384e-002  -9.5019e-003  -3.2970e-003
  2.3680e-001  -1.4144e-002  8.4484e-004  -5.0463e-005  3.0142e-006  -1.6518e-001  9.8666e-003  -5.8934e-004  3.5202e-005  -2.1026e-006
  3.2524e-001  -1.2498e-001  4.8028e-002  -1.8456e-002  7.0923e-003  -2.4561e-001  9.4384e-002  -3.6270e-002  1.3938e-002  -5.3560e-003
  2.3680e-001  -2.3251e-001  2.2829e-001  -2.2416e-001  2.2009e-001  -1.6518e-001  1.6219e-001  -1.5925e-001  1.5637e-001  -1.5353e-001
  2.6587e-002  -4.6541e-002  8.1473e-002  -1.4262e-001  2.4967e-001  -1.0736e-002  1.8793e-002  -3.2899e-002  5.7591e-002  -1.0081e-001
  2.1019e-002  -5.0723e-002  1.2241e-001  -2.9539e-001  7.1285e-001  -8.0031e-003  1.9313e-002  -4.6607e-002  1.1247e-001  -2.7142e-001
  6.6330e-002  -1.1819e-001  2.1058e-001  -3.7521e-001  6.6855e-001  -3.3662e-002  5.9978e-002  -1.0687e-001  1.9042e-001  -3.3928e-001
  9.0057e-002  -1.1621e-001  1.4995e-001  -1.9349e-001  2.4967e-001  -4.9334e-002  6.3659e-002  -8.2143e-002  1.0599e-001  -1.3677e-001
  1.1303e-004  8.5503e-004  6.4678e-003  4.8925e-002  3.7009e-001  1.1655e-005  8.8162e-005  6.6690e-004  5.0447e-003  3.8160e-002
  1.0577e-005  1.7042e-004  2.7458e-003  4.4242e-002  7.1285e-001  6.0317e-007  9.7186e-006  1.5659e-004  2.5230e-003  4.0652e-002
  1.1816e-004  -1.1242e-003  1.0696e-002  -1.0177e-001  9.6823e-001  -1.2319e-005  1.1721e-004  -1.1152e-003  1.0610e-002  -1.0095e-001
  4.3518e-005  -5.9415e-004  8.1119e-003  -1.1075e-001  1.5121e+000  -3.5346e-006  4.8258e-005  -6.5885e-004  8.9953e-003  -1.2281e-001
  6.8264e-003  2.5815e-002  9.7623e-002  3.6918e-001  1.3961e+000  1.9622e-003  7.4202e-003  2.8061e-002  1.0612e-001  4.0130e-001
  2.4813e-002  5.1505e-002  1.0691e-001  2.2191e-001  4.6063e-001  9.8481e-003  2.0442e-002  4.2431e-002  8.8075e-002  1.8282e-001
  1.6654e-001  2.3192e-001  3.2297e-001  4.4977e-001  6.2635e-001  1.0639e-001  1.4816e-001  2.0632e-001  2.8732e-001  4.0013e-001
  4.5913e-001  3.6981e-001  2.9786e-001  2.3991e-001  1.9323e-001  3.7794e-001  3.0441e-001  2.4518e-001  1.9748e-001  1.5906e-001
  2.0562e-001  1.9575e-001  1.8636e-001  1.7742e-001  1.6891e-001  1.3846e-001  1.3182e-001  1.2549e-001  1.1947e-001  1.1374e-001
  1.3152e+000  1.2300e-001  1.1503e-002  1.0757e-003  1.0060e-004  1.4085e+000  1.3172e-001  1.2318e-002  1.1520e-003  1.0773e-004
  4.7396e-006  5.8884e-005  7.3156e-004  9.0887e-003  1.1292e-001  -2.2115e-007  -2.7475e-006  -3.4134e-005  -4.2407e-004  -5.2685e-003
  3.1417e-003  8.4684e-003  2.2826e-002  6.1529e-002  1.6585e-001  -7.4379e-004  -2.0049e-003  -5.4042e-003  -1.4567e-002  -3.9265e-002
  5.1099e-004  1.2497e-003  3.0561e-003  7.4739e-003  1.8278e-002  -7.6828e-005  -1.8789e-004  -4.5949e-004  -1.1237e-003  -2.7481e-003
  5.7747e-002  3.5564e-002  2.1902e-002  1.3489e-002  8.3072e-003  -2.8308e-002  -1.7434e-002  -1.0737e-002  -6.6123e-003  -4.0723e-003
  4.7632e-002  1.3639e-002  3.9054e-003  1.1183e-003  3.2021e-004  -2.2252e-002  -6.3717e-003  -1.8245e-003  -5.2243e-004  -1.4959e-004
  6.9363e-003  1.4583e-003  3.0659e-004  6.4457e-005  1.3551e-005  -2.0017e-003  -4.2084e-004  -8.8478e-005  -1.8602e-005  -3.9108e-006
  1.3953e-001  1.5520e-002  1.7263e-003  1.9202e-004  2.1359e-005  -8.5280e-002  -9.4857e-003  -1.0551e-003  -1.1736e-004  -1.3054e-005
  1.9324e-001  6.2425e-002  2.0166e-002  6.5142e-003  2.1043e-003  -1.2812e-001  -4.1389e-002  -1.3370e-002  -4.3191e-003  -1.3952e-003
  1.2930e-001  9.0316e-002  6.3086e-002  4.4066e-002  3.0780e-002  -7.7533e-002  -5.4158e-002  -3.7830e-002  -2.6424e-002  -1.8458e-002
  2.7839e-001  3.1658e-002  3.6001e-003  4.0939e-004  4.6555e-005  -2.0222e-001  -2.2996e-002  -2.6150e-003  -2.9737e-004  -3.3816e-005
  4.7474e-001  -1.7852e-001  6.7127e-002  -2.5242e-002  9.4917e-003  -3.9407e-001  1.4818e-001  -5.5721e-002  2.0953e-002  -7.8787e-003
  2.6967e-001  -2.0160e-001  1.5072e-001  -1.1268e-001  8.4240e-002  -1.9433e-001  1.4528e-001  -1.0861e-001  8.1199e-002  -6.0705e-002
  1.2440e-001  -1.0366e-001  8.6380e-002  -7.1979e-002  5.9979e-002  -7.3881e-002  6.1564e-002  -5.1300e-002  4.2748e-002  -3.5621e-002
  5.5080e-002  -1.1361e-001  2.3435e-001  -4.8339e-001  9.9708e-001  -2.6684e-002  5.5040e-002  -1.1353e-001  2.3418e-001  -4.8304e-001
  1.6120e-009  -2.5422e-007  4.0091e-005  -6.3225e-003  9.9708e-001  -1.0214e-011  1.6108e-009  -2.5403e-007  4.0062e-005  -6.3179e-003
  1.6020e-001  -7.7514e-003  3.7507e-004  -1.8148e-005  8.7815e-007  1.0135e-001  -4.9039e-003  2.3729e-004  -1.1482e-005  5.5556e-007

 Columns 21 through 28:

  1.6754e-001  1.8156e-008  2.4775e-007  3.3807e-006  4.6131e-005  6.2947e-004  8.5894e-003  1.1721e-001
  1.5075e-001  6.3630e-007  -4.6993e-006  3.4707e-005  -2.5632e-004  1.8931e-003  -1.3981e-002  1.0326e-001
  1.5897e-001  9.5268e-005  -3.0859e-004  9.9960e-004  -3.2379e-003  1.0488e-002  -3.3973e-002  1.1005e-001
  3.1940e-002  2.7809e-003  -3.7241e-003  4.9873e-003  -6.6788e-003  8.9441e-003  -1.1978e-002  1.6040e-002
  2.1890e-002  1.8280e-002  -1.6584e-002  1.5046e-002  -1.3650e-002  1.2384e-002  -1.1235e-002  1.0193e-002
  4.0647e-004  2.0884e-002  -8.3493e-003  3.3380e-003  -1.3345e-003  5.3353e-004  -2.1330e-004  8.5277e-005
  4.7871e-008  3.9770e-003  -3.4328e-004  2.9630e-005  -2.5576e-006  2.2076e-007  -1.9055e-008  1.6447e-009
  -2.6262e-004  8.1904e-004  5.1478e-004  3.2355e-004  2.0335e-004  1.2781e-004  8.0331e-005  5.0489e-005
  -1.0794e-002  2.1731e-011  -5.2586e-010  1.2725e-008  -3.0793e-007  7.4516e-006  -1.8032e-004  4.3635e-003
  -3.5839e-002  5.2682e-006  -2.0524e-005  7.9956e-005  -3.1149e-004  1.2135e-003  -4.7275e-003  1.8417e-002
  -5.7607e-002  3.2754e-003  -4.8027e-003  7.0421e-003  -1.0326e-002  1.5140e-002  -2.2200e-002  3.2551e-002
  -3.8461e-002  2.2009e-002  -2.1669e-002  2.1334e-002  -2.1005e-002  2.0680e-002  -2.0361e-002  2.0046e-002
  -8.5464e-004  6.7963e-002  -2.5897e-002  9.8679e-003  -3.7601e-003  1.4328e-003  -5.4596e-004  2.0804e-004
  -2.1635e-004  1.5993e-001  -4.0145e-002  1.0077e-002  -2.5296e-003  6.3499e-004  -1.5939e-004  4.0012e-005
  2.7554e-002  2.6687e-002  2.3803e-002  2.1230e-002  1.8935e-002  1.6888e-002  1.5063e-002  1.3435e-002
  6.7120e-002  1.1146e-003  2.0167e-003  3.6489e-003  6.6021e-003  1.1945e-002  2.1613e-002  3.9104e-002
  4.5383e-002  2.1282e-005  6.8875e-005  2.2290e-004  7.2135e-004  2.3345e-003  7.5550e-003  2.4450e-002
  3.6294e-001  1.0318e-008  -1.8057e-007  3.1599e-006  -5.5298e-005  9.6769e-004  -1.6934e-002  2.9635e-001
  1.6754e-001  2.7173e-005  -1.0963e-004  4.4233e-004  -1.7846e-003  7.2003e-003  -2.9050e-002  1.1721e-001
  1.0225e-001  1.2032e-002  -1.5930e-002  2.1090e-002  -2.7923e-002  3.6969e-002  -4.8945e-002  6.4802e-002
  7.5975e-002  4.9238e-002  -4.8572e-002  4.7915e-002  -4.7266e-002  4.6627e-002  -4.5996e-002  4.5374e-002
  4.1603e-003  6.1612e-002  -3.2750e-002  1.7408e-002  -9.2535e-003  4.9187e-003  -2.6146e-003  1.3898e-003
  3.5081e-012  4.3877e-002  -3.7805e-004  3.2573e-006  -2.8065e-008  2.4181e-010  -2.0835e-012  1.7951e-014
  -1.5070e-003  5.5743e-003  3.6095e-003  2.3372e-003  1.5134e-003  9.7997e-004  6.3456e-004  4.1089e-004
  -9.8530e-003  2.4088e-006  8.2581e-006  2.8311e-005  9.7060e-005  3.3275e-004  1.1408e-003  3.9110e-003
  -7.8809e-002  6.6023e-005  -1.9757e-004  5.9123e-004  -1.7693e-003  5.2945e-003  -1.5844e-002  4.7412e-002
  -4.4167e-002  1.0242e-002  -1.1776e-002  1.3540e-002  -1.5568e-002  1.7901e-002  -2.0582e-002  2.3665e-002
  -4.4167e-002  9.3240e-002  -7.4191e-002  5.9034e-002  -4.6974e-002  3.7377e-002  -2.9741e-002  2.3665e-002
  4.8547e-002  7.1567e-006  -2.8151e-005  1.1073e-004  -4.3557e-004  1.7133e-003  -6.7393e-003  2.6509e-002
  2.8866e-001  6.5041e-004  -1.7234e-003  4.5668e-003  -1.2101e-002  3.2066e-002  -8.4968e-002  2.2515e-001
  8.2699e-001  3.5065e-004  -1.2713e-003  4.6088e-003  -1.6709e-002  6.0575e-002  -2.1961e-001  7.9616e-001
  3.3159e-001  1.7989e-005  -8.9115e-005  4.4147e-004  -2.1871e-003  1.0835e-002  -5.3674e-002  2.6590e-001
  1.1460e-001  2.7173e-005  -1.0161e-004  3.7999e-004  -1.4210e-003  5.3137e-003  -1.9870e-002  7.4305e-002
  2.3663e-002  5.1186e-004  -8.5594e-004  1.4313e-003  -2.3934e-003  4.0023e-003  -6.6927e-003  1.1192e-002
  2.9626e-003  2.3061e-003  -1.9803e-003  1.7006e-003  -1.4603e-003  1.2540e-003  -1.0769e-003  9.2473e-004
  1.4474e-008  7.3075e-004  -6.5856e-005  5.9350e-006  -5.3486e-007  4.8202e-008  -4.3440e-009  3.9148e-010
  -4.5071e-004  1.7609e-004  1.5930e-004  1.4412e-004  1.3038e-004  1.1795e-004  1.0670e-004  9.6532e-005
  -2.1635e-004  6.8334e-008  1.9765e-007  5.7168e-007  1.6535e-006  4.7827e-006  1.3833e-005  4.0012e-005
  -1.1510e-004  6.1272e-008  -1.5907e-007  4.1299e-007  -1.0722e-006  2.7836e-006  -7.2268e-006  1.8762e-005
  -1.1806e-002  1.4742e-004  -2.6397e-004  4.7266e-004  -8.4634e-004  1.5155e-003  -2.7136e-003  4.8589e-003
  -6.2702e-004  6.3531e-004  -4.9576e-004  3.8687e-004  -3.0190e-004  2.3559e-004  -1.8384e-004  1.4346e-004
  -2.1635e-004  1.2742e-002  -4.8761e-003  1.8659e-003  -7.1403e-004  2.7324e-004  -1.0456e-004  4.0012e-005
  -5.5889e-005  7.1730e-002  -1.5699e-002  3.4361e-003  -7.5205e-004  1.6460e-004  -3.6026e-005  7.8848e-006
  2.9637e-010  9.5052e-003  2.5665e-004  6.9296e-006  1.8710e-007  5.0519e-009  1.3640e-010  3.6830e-012
  1.0044e-004  6.0933e-002  1.5409e-002  3.8965e-003  9.8533e-004  2.4917e-004  6.3009e-005  1.5934e-005
  1.3895e-003  3.6315e-002  1.6930e-002  7.8923e-003  3.6793e-003  1.7152e-003  7.9961e-004  3.7276e-004
  1.7199e-002  1.4550e-001  8.9018e-002  5.4463e-002  3.3322e-002  2.0387e-002  1.2473e-002  7.6312e-003
  3.9551e-002  1.2660e-004  2.9611e-004  6.9259e-004  1.6199e-003  3.7890e-003  8.8625e-003  2.0729e-002
  1.3534e-001  7.5552e-003  1.1433e-002  1.7301e-002  2.6180e-002  3.9617e-002  5.9949e-002  9.0718e-002
  1.5897e-001  1.1146e-003  2.3963e-003  5.1517e-003  1.1075e-002  2.3810e-002  5.1188e-002  1.1005e-001
  6.3014e-002  6.8083e-006  2.8450e-005  1.1889e-004  4.9680e-004  2.0760e-003  8.6751e-003  3.6251e-002
  1.0221e-002  6.4723e-014  -4.0842e-012  2.5773e-010  -1.6264e-008  1.0263e-006  -6.4763e-005  4.0868e-003
  5.1885e-002  6.3630e-007  -3.7966e-006  2.2653e-005  -1.3516e-004  8.0646e-004  -4.8119e-003  2.8711e-002
  5.7173e-003  8.0864e-005  -1.3843e-004  2.3698e-004  -4.0569e-004  6.9449e-004  -1.1889e-003  2.0353e-003
  1.5609e-004  8.0864e-005  -6.7370e-005  5.6128e-005  -4.6762e-005  3.8959e-005  -3.2458e-005  2.7042e-005
  4.8239e-004  7.0955e-003  -3.5143e-003  1.7405e-003  -8.6205e-004  4.2695e-004  -2.1146e-004  1.0473e-004
  -1.3435e-009  1.1175e-004  8.5609e-006  6.5583e-007  5.0241e-008  3.8489e-009  2.9485e-010  2.2588e-011
  -1.5070e-003  7.1567e-006  1.4057e-005  2.7609e-005  5.4228e-005  1.0651e-004  2.0920e-004  4.1089e-004
  7.0880e-001  3.8504e-005  1.9560e-004  9.9361e-004  5.0474e-003  2.5640e-002  1.3025e-001  6.6165e-001
  2.8866e-001  1.2660e-004  4.4065e-004  1.5338e-003  5.3388e-003  1.8583e-002  6.4683e-002  2.2515e-001
  9.0987e-002  7.1397e-004  1.4786e-003  3.0623e-003  6.3420e-003  1.3134e-002  2.7201e-002  5.6335e-002
  2.5030e-001  1.6852e-002  2.5229e-002  3.7771e-002  5.6546e-002  8.4655e-002  1.2674e-001  1.8974e-001
  2.0561e-001  5.4520e-002  6.4526e-002  7.6369e-002  9.0386e-002  1.0698e-001  1.2661e-001  1.4985e-001
  7.5975e-002  4.8679e-002  4.8112e-002  4.7551e-002  4.6997e-002  4.6450e-002  4.5909e-002  4.5374e-002
  3.1940e-002  2.0130e-001  1.3205e-001  8.6622e-002  5.6823e-002  3.7275e-002  2.4452e-002  1.6040e-002
  6.3289e-003  6.3391e-001  2.4848e-001  9.7398e-002  3.8178e-002  1.4965e-002  5.8659e-003  2.2993e-003
  1.5894e-003  3.1110e-001  1.0415e-001  3.4868e-002  1.1673e-002  3.9080e-003  1.3083e-003  4.3801e-004
  4.5761e-006  7.8968e-001  7.0249e-002  6.2493e-003  5.5593e-004  4.9455e-005  4.3995e-006  3.9137e-007
  2.9637e-010  6.8268e-001  9.0409e-003  1.1973e-004  1.5857e-006  2.0999e-008  2.7810e-010  3.6830e-012
  -3.8455e-006  4.1449e-001  -3.9651e-002  3.7931e-003  -3.6285e-004  3.4711e-005  -3.3205e-006  3.1765e-007
  -3.7887e-004  5.2453e-001  -1.2083e-001  2.7834e-002  -6.4118e-003  1.4770e-003  -3.4024e-004  7.8376e-005
  -6.7206e-003  3.8240e-001  -1.6504e-001  7.1226e-002  -3.0740e-002  1.3267e-002  -5.7257e-003  2.4711e-003
  -3.8461e-002  3.2440e-001  -2.0397e-001  1.2825e-001  -8.0640e-002  5.0704e-002  -3.1881e-002  2.0046e-002
  -5.3976e-002  2.5123e-001  -1.7640e-001  1.2386e-001  -8.6967e-002  6.1064e-002  -4.2876e-002  3.0105e-002
  -2.2265e-001  4.3370e-002  -5.4181e-002  6.7687e-002  -8.4561e-002  1.0564e-001  -1.3197e-001  1.6487e-001
  -7.4136e-002  1.9287e-002  -2.2134e-002  2.5402e-002  -2.9151e-002  3.3454e-002  -3.8392e-002  4.4059e-002
  -1.2893e-002  1.0242e-002  -9.2055e-003  8.2741e-003  -7.4369e-003  6.6845e-003  -6.0081e-003  5.4002e-003
  -6.5455e-002  1.8639e-003  -3.0800e-003  5.0894e-003  -8.4097e-003  1.3896e-002  -2.2962e-002  3.7943e-002
  -2.7022e-001  5.6401e-004  -1.5104e-003  4.0446e-003  -1.0831e-002  2.9005e-002  -7.7673e-002  2.0800e-001
  -2.4552e-001  3.9976e-007  -3.5171e-006  3.0943e-005  -2.7224e-004  2.3951e-003  -2.1072e-002  1.8539e-001
  -6.5455e-002  1.1027e-005  -4.2844e-005  1.6647e-004  -6.4682e-004  2.5132e-003  -9.7652e-003  3.7943e-002
  -1.8067e-002  5.5499e-006  1.8690e-005  6.2942e-005  2.1197e-004  7.1383e-004  2.4039e-003  8.0956e-003
  -1.1806e-002  4.7196e-003  4.7425e-003  4.7656e-003  4.7887e-003  4.8120e-003  4.8354e-003  4.8589e-003
  -1.1440e-003  3.6440e-003  2.3970e-003  1.5767e-003  1.0372e-003  6.8225e-004  4.4878e-004  2.9520e-004
  -1.1440e-003  1.6914e-001  5.8689e-002  2.0364e-002  7.0662e-003  2.4519e-003  8.5076e-004  2.9520e-004
  1.2559e-007  1.1523e-001  -6.8828e-003  4.1111e-004  -2.4556e-005  1.4668e-006  -8.7610e-008  5.2330e-009
  2.0582e-003  1.8548e-001  -7.1277e-002  2.7390e-002  -1.0526e-002  4.0447e-003  -1.5543e-003  5.9729e-004
  1.5075e-001  1.1523e-001  -1.1314e-001  1.1109e-001  -1.0908e-001  1.0710e-001  -1.0516e-001  1.0326e-001
  1.7648e-001  4.3351e-003  -7.5888e-003  1.3284e-002  -2.3255e-002  4.0709e-002  -7.1263e-002  1.2475e-001
  6.5501e-001  3.0472e-003  -7.3537e-003  1.7746e-002  -4.2825e-002  1.0335e-001  -2.4940e-001  6.0186e-001
  6.0453e-001  1.7083e-002  -3.0438e-002  5.4235e-002  -9.6635e-002  1.7218e-001  -3.0679e-001  5.4664e-001
  1.7648e-001  2.7026e-002  -3.4873e-002  4.4999e-002  -5.8064e-002  7.4924e-002  -9.6678e-002  1.2475e-001
  2.8866e-001  1.2017e-006  9.0904e-006  6.8764e-005  5.2016e-004  3.9347e-003  2.9764e-002  2.2515e-001
  6.5501e-001  3.4398e-008  5.5423e-007  8.9300e-006  1.4388e-004  2.3183e-003  3.7354e-002  6.0186e-001
  9.6044e-001  1.2844e-006  -1.2220e-005  1.1627e-004  -1.1062e-003  1.0525e-002  -1.0014e-001  9.5272e-001
  1.6767e+000  2.8708e-007  -3.9195e-006  5.3513e-005  -7.3060e-004  9.9748e-003  -1.3619e-001  1.8593e+000
  1.5176e+000  5.6401e-004  2.1329e-003  8.0658e-003  3.0502e-002  1.1535e-001  4.3621e-001  1.6496e+000
  3.7948e-001  3.9086e-003  8.1131e-003  1.6841e-002  3.4956e-002  7.2559e-002  1.5061e-001  3.1263e-001
  5.5721e-001  6.7963e-002  9.4645e-002  1.3180e-001  1.8355e-001  2.5561e-001  3.5596e-001  4.9571e-001
  1.2812e-001  3.1110e-001  2.5058e-001  2.0183e-001  1.6256e-001  1.3093e-001  1.0546e-001  8.4942e-002
  1.0828e-001  9.3240e-002  8.8766e-002  8.4507e-002  8.0452e-002  7.6592e-002  7.2917e-002  6.9418e-002
  1.0075e-005  1.5083e+000  1.4106e-001  1.3192e-002  1.2337e-003  1.1537e-004  1.0790e-005  1.0090e-006
  -6.5455e-002  1.0318e-008  1.2819e-007  1.5926e-006  1.9787e-005  2.4582e-004  3.0541e-003  3.7943e-002
  -1.0584e-001  1.7609e-004  4.7466e-004  1.2794e-003  3.4487e-003  9.2960e-003  2.5058e-002  6.7543e-002
  -6.7206e-003  1.1551e-005  2.8249e-005  6.9084e-005  1.6895e-004  4.1318e-004  1.0104e-003  2.4711e-003
  -2.5079e-003  1.3877e-002  8.5462e-003  5.2633e-003  3.2414e-003  1.9963e-003  1.2294e-003  7.5714e-004
  -4.2834e-005  1.0396e-002  2.9767e-003  8.5235e-004  2.4406e-004  6.9885e-005  2.0011e-005  5.7300e-006
  -8.2220e-007  5.7768e-004  1.2145e-004  2.5534e-005  5.3682e-006  1.1286e-006  2.3728e-007  4.9885e-008
  -1.4520e-006  5.2121e-002  5.7975e-003  6.4486e-004  7.1728e-005  7.9784e-006  8.8744e-007  9.8711e-008
  -4.5071e-004  8.4949e-002  2.7442e-002  8.8647e-003  2.8636e-003  9.2506e-004  2.9883e-004  9.6532e-005
  -1.2893e-002  4.6493e-002  3.2476e-002  2.2684e-002  1.5845e-002  1.1068e-002  7.7311e-003  5.4002e-003
  -3.8455e-006  1.4689e-001  1.6704e-002  1.8995e-003  2.1600e-004  2.4563e-005  2.7933e-006  3.1765e-007
  2.9626e-003  3.2711e-001  -1.2300e-001  4.6252e-002  -1.7392e-002  6.5399e-003  -2.4592e-003  9.2473e-004
  4.5383e-002  1.4004e-001  -1.0469e-001  7.8268e-002  -5.8514e-002  4.3745e-002  -3.2704e-002  2.4450e-002
  2.9682e-002  4.3877e-002  -3.6562e-002  3.0467e-002  -2.5387e-002  2.1155e-002  -1.7628e-002  1.4689e-002
  9.9636e-001  1.2927e-002  -2.6664e-002  5.5000e-002  -1.1345e-001  2.3401e-001  -4.8268e-001  9.9563e-001
  9.9636e-001  6.4723e-014  -1.0207e-011  1.6097e-009  -2.5385e-007  4.0033e-005  -6.3133e-003  9.9563e-001
  -2.6882e-008  6.4118e-002  -3.1025e-003  1.5012e-004  -7.2638e-006  3.5147e-007  -1.7007e-008  8.2291e-010

